+-----------------------------------------------------------------------------------------------------------------------------------------------------------------------------------------------------------------------------------------------------------+
; Legal Partition Candidates                                                                                                                                                                                                                                ;
+------------------------------------------------------+-------+----------------+--------------+----------------+--------+-----------------+---------------+-----------------+-------+----------------+--------------+------------------+-------------------+
; Hierarchy                                            ; Input ; Constant Input ; Unused Input ; Floating Input ; Output ; Constant Output ; Unused Output ; Floating Output ; Bidir ; Constant Bidir ; Unused Bidir ; Input only Bidir ; Output only Bidir ;
+------------------------------------------------------+-------+----------------+--------------+----------------+--------+-----------------+---------------+-----------------+-------+----------------+--------------+------------------+-------------------+
; servo_incremental_input|quad_segment7_1|MSB_segment7 ; 5     ; 2              ; 0            ; 2              ; 8      ; 2               ; 2             ; 2               ; 0     ; 0              ; 0            ; 0                ; 0                 ;
; servo_incremental_input|quad_segment7_1|LSB_segment7 ; 5     ; 2              ; 0            ; 2              ; 8      ; 2               ; 2             ; 2               ; 0     ; 0              ; 0            ; 0                ; 0                 ;
; servo_incremental_input|quad_segment7_1              ; 9     ; 2              ; 0            ; 2              ; 15     ; 2               ; 2             ; 2               ; 0     ; 0              ; 0            ; 0                ; 0                 ;
; servo_incremental_input|pwm_1                        ; 11    ; 0              ; 0            ; 0              ; 1      ; 0               ; 0             ; 0               ; 0     ; 0              ; 0            ; 0                ; 0                 ;
; servo_incremental_input                              ; 13    ; 14             ; 8            ; 14             ; 29     ; 14              ; 14            ; 14              ; 0     ; 0              ; 0            ; 0                ; 0                 ;
; servo_parallel_input|quad_segment7_1|MSB_segment7    ; 5     ; 2              ; 0            ; 2              ; 8      ; 2               ; 2             ; 2               ; 0     ; 0              ; 0            ; 0                ; 0                 ;
; servo_parallel_input|quad_segment7_1|LSB_segment7    ; 5     ; 2              ; 0            ; 2              ; 8      ; 2               ; 2             ; 2               ; 0     ; 0              ; 0            ; 0                ; 0                 ;
; servo_parallel_input|quad_segment7_1                 ; 9     ; 2              ; 0            ; 2              ; 15     ; 2               ; 2             ; 2               ; 0     ; 0              ; 0            ; 0                ; 0                 ;
; servo_parallel_input|pwm_1                           ; 11    ; 0              ; 0            ; 0              ; 1      ; 0               ; 0             ; 0               ; 0     ; 0              ; 0            ; 0                ; 0                 ;
; servo_parallel_input                                 ; 13    ; 14             ; 2            ; 14             ; 29     ; 14              ; 14            ; 14              ; 0     ; 0              ; 0            ; 0                ; 0                 ;
+------------------------------------------------------+-------+----------------+--------------+----------------+--------+-----------------+---------------+-----------------+-------+----------------+--------------+------------------+-------------------+
